18 -1 #SUP: 2 #SID: 130 917
23 24 -1 #SUP: 8 #SID: 71 130 160 695 720 1534 2171 2177
13 27 -1 #SUP: 34 #SID: 67 72 107 120 151 304 554 639 644 677 794 797 838 868 870 885 962 992 1183 1379 1418 1722 1959 2021 2083 2144 2240 2313 2364 2414 2480 2504 2544 2546
17 23 -1 #SUP: 2 #SID: 130 917
12 27 -1 #SUP: 12 #SID: 101 103 569 833 899 1852 1912 1959 2048 2144 2230 2557
9 27 -1 #SUP: 62 #SID: 87 162 172 233 260 272 293 299 389 431 442 458 494 523 527 532 569 597 624 687 746 755 766 786 850 968 1026 1080 1134 1182 1422 1440 1469 1472 1573 1630 1632 1636 1664 1672 1681 1746 1793 1811 1816 1891 1927 1929 1969 2007 2029 2070 2083 2089 2134 2138 2163 2237 2314 2332 2334 2582
8 27 -1 #SUP: 105 #SID: 67 75 99 107 162 172 260 293 458 523 532 624 629 641 671 687 719 721 766 773 774 797 808 816 850 876 896 928 967 968 975 997 1010 1026 1035 1052 1061 1077 1078 1080 1093 1134 1145 1182 1183 1201 1261 1267 1307 1351 1357 1360 1415 1422 1438 1440 1472 1538 1573 1585 1630 1632 1664 1672 1681 1702 1715 1718 1729 1746 1793 1816 1830 1852 1929 1932 1953 1955 1969 2007 2047 2051 2057 2070 2072 2080 2083 2089 2092 2102 2114 2139 2148 2176 2314 2333 2334 2338 2347 2350 2356 2430 2434 2478 2527
7 27 -1 #SUP: 49 #SID: 67 87 99 162 458 637 658 671 677 768 770 791 792 795 799 808 815 816 828 850 876 921 928 1026 1183 1268 1307 1357 1376 1472 1793 1801 1929 1932 1958 1971 2007 2083 2114 2148 2241 2427 2466 2478 2488 2490 2530 2560 2582
16 17 -1 #SUP: 2 #SID: 64 130
6 27 -1 #SUP: 14 #SID: 99 658 828 850 876 928 1052 1183 1357 1376 1384 1591 2230 2349
5 27 -1 #SUP: 9 #SID: 99 167 199 658 828 876 928 2135 2430
4 27 -1 #SUP: 5 #SID: 99 822 828 876 997
3 27 -1 #SUP: 2 #SID: 746 828
2 27 -1 #SUP: 6 #SID: 746 828 994 997 1026 2430
12 13 -1 #SUP: 25 #SID: 106 558 588 703 934 959 989 1032 1036 1056 1370 1497 1500 1602 1788 1827 1834 1939 1954 1959 2143 2144 2169 2630 2636
9 13 -1 #SUP: 7 #SID: 125 510 1032 1185 1823 1836 2083
8 13 -1 #SUP: 19 #SID: 63 67 81 107 125 510 797 807 887 1032 1100 1183 1185 1823 1829 1989 2073 2083 2113
9 12 -1 #SUP: 10 #SID: 69 207 453 569 684 705 1032 1626 1845 2361
8 12 -1 #SUP: 17 #SID: 69 86 157 207 453 684 1032 1263 1845 1852 2027 2117 2181 2306 2340 2361 2446
7 13 -1 #SUP: 13 #SID: 63 67 81 628 677 834 859 978 1032 1183 2083 2450 2605
9 10 -1 #SUP: 5 #SID: 781 1004 1642 1690 2179
7 12 -1 #SUP: 2 #SID: 1032 1568
6 13 -1 #SUP: 7 #SID: 63 81 628 834 1032 1183 1446
8 10 -1 #SUP: 11 #SID: 781 906 984 1004 1038 1147 1642 1653 1690 2168 2179
5 13 -1 #SUP: 3 #SID: 63 834 1032
8 9 -1 #SUP: 1393 #SID: 0 2 3 4 5 7 8 9 10 11 13 15 17 19 20 21 22 23 24 25 26 27 29 31 34 35 36 38 39 40 41 42 43 45 47 48 49 52 55 60 61 62 69 74 76 77 84 85 89 94 96 97 98 102 108 110 111 115 122 123 125 127 128 129 131 132 133 141 143 147 149 150 152 153 155 158 161 162 163 164 165 169 171 172 173 176 177 178 179 180 182 183 184 185 186 187 188 189 190 191 192 193 195 196 197 198 201 202 203 204 205 206 207 208 209 210 211 213 214 215 216 217 218 219 221 222 224 225 226 227 228 229 230 231 234 235 236 237 238 239 240 241 242 243 244 245 247 248 249 250 252 253 255 257 258 259 260 262 263 264 266 267 268 269 270 271 273 274 276 277 278 280 281 282 283 284 285 286 287 289 290 291 292 293 294 296 297 298 300 301 302 303 305 306 307 308 309 310 311 312 314 317 318 319 320 321 322 323 324 326 328 329 331 332 333 336 337 338 339 340 341 342 343 345 346 347 348 349 350 351 352 353 354 355 356 358 359 360 361 362 363 364 366 368 369 370 372 374 375 376 377 378 379 380 381 382 383 385 386 388 390 391 393 394 395 397 398 399 400 401 402 404 405 406 407 409 410 411 412 413 415 416 417 418 419 420 421 422 423 424 425 426 428 429 430 432 433 436 437 439 440 441 444 446 447 448 449 450 451 452 453 454 455 456 457 458 459 462 463 464 466 467 468 469 471 472 473 474 475 476 477 478 479 480 481 482 483 484 485 486 487 489 490 491 492 493 497 499 500 501 502 503 504 506 507 508 509 510 511 512 513 514 515 516 517 518 519 520 521 522 523 524 525 526 528 529 530 531 532 533 534 535 536 537 538 539 540 541 542 543 544 545 547 548 550 551 552 553 555 556 559 562 563 564 565 566 567 568 570 571 572 573 574 575 576 577 579 580 581 582 583 584 585 589 591 592 593 594 595 596 598 599 602 604 605 606 607 608 609 612 613 614 615 616 617 619 620 621 622 623 624 625 626 635 649 650 651 653 655 656 657 659 660 662 663 666 668 669 670 672 678 682 684 685 687 688 690 691 696 698 700 702 707 708 709 711 713 715 716 717 718 722 723 749 757 766 775 781 793 842 850 853 873 874 875 881 884 886 888 889 890 892 895 902 908 910 920 932 940 946 948 949 958 964 966 968 970 971 974 985 987 990 991 996 999 1000 1001 1003 1004 1005 1008 1011 1012 1023 1024 1026 1027 1029 1030 1032 1034 1040 1046 1065 1066 1067 1072 1080 1081 1082 1083 1084 1085 1087 1088 1090 1091 1092 1094 1095 1103 1104 1105 1106 1107 1108 1109 1110 1113 1114 1115 1118 1122 1124 1125 1126 1129 1130 1133 1134 1135 1136 1137 1139 1140 1141 1143 1148 1149 1150 1151 1153 1154 1155 1156 1157 1160 1161 1162 1163 1164 1165 1166 1167 1169 1170 1171 1172 1173 1174 1175 1176 1177 1178 1179 1180 1182 1184 1185 1186 1187 1188 1189 1190 1191 1192 1193 1195 1197 1199 1202 1203 1205 1208 1209 1210 1212 1214 1217 1218 1219 1222 1223 1224 1225 1227 1228 1229 1230 1231 1232 1234 1236 1237 1241 1242 1243 1245 1246 1247 1248 1250 1251 1252 1253 1254 1256 1257 1260 1262 1264 1265 1266 1269 1271 1272 1274 1275 1276 1277 1278 1279 1280 1281 1282 1283 1284 1285 1286 1287 1288 1289 1290 1291 1292 1293 1294 1295 1296 1298 1299 1300 1301 1302 1303 1304 1305 1306 1309 1310 1312 1313 1314 1315 1316 1319 1321 1324 1325 1326 1327 1331 1332 1333 1335 1337 1338 1339 1340 1341 1342 1345 1349 1350 1355 1356 1358 1359 1361 1364 1367 1372 1373 1386 1388 1393 1395 1397 1400 1401 1402 1403 1405 1406 1410 1411 1412 1416 1417 1420 1422 1423 1426 1428 1429 1431 1432 1434 1437 1440 1441 1442 1444 1445 1448 1449 1450 1451 1452 1453 1454 1455 1456 1457 1458 1459 1461 1462 1464 1465 1466 1467 1468 1471 1472 1473 1474 1475 1476 1478 1479 1480 1482 1483 1484 1491 1492 1496 1498 1501 1503 1504 1505 1506 1507 1508 1509 1512 1513 1516 1518 1520 1523 1525 1528 1529 1531 1533 1535 1539 1543 1545 1546 1550 1552 1553 1558 1559 1566 1570 1572 1573 1576 1577 1587 1588 1589 1590 1594 1595 1597 1598 1603 1605 1606 1607 1608 1609 1611 1612 1613 1614 1615 1616 1617 1619 1620 1621 1622 1623 1624 1625 1628 1629 1630 1632 1633 1634 1635 1637 1638 1639 1640 1641 1642 1643 1644 1645 1646 1648 1649 1651 1652 1655 1656 1657 1659 1660 1661 1662 1663 1664 1665 1666 1667 1668 1669 1670 1671 1672 1674 1675 1676 1679 1680 1681 1682 1683 1684 1685 1686 1687 1688 1689 1690 1691 1692 1693 1694 1695 1712 1714 1731 1732 1733 1734 1735 1736 1737 1739 1740 1741 1742 1743 1744 1745 1746 1748 1749 1750 1751 1752 1753 1754 1755 1756 1757 1758 1759 1760 1761 1762 1763 1764 1765 1766 1767 1768 1770 1773 1776 1777 1778 1779 1781 1782 1783 1784 1785 1786 1787 1789 1790 1791 1792 1793 1794 1797 1798 1800 1802 1804 1805 1806 1807 1808 1809 1812 1813 1814 1815 1816 1817 1818 1819 1823 1824 1825 1831 1832 1833 1835 1838 1839 1840 1841 1842 1843 1844 1845 1846 1847 1848 1849 1850 1851 1853 1854 1855 1856 1857 1859 1860 1861 1862 1863 1864 1865 1866 1867 1868 1869 1870 1871 1872 1873 1875 1876 1877 1878 1879 1880 1882 1883 1884 1885 1886 1887 1888 1889 1892 1893 1894 1895 1896 1897 1898 1899 1900 1901 1902 1903 1905 1906 1908 1909 1910 1911 1913 1914 1915 1916 1917 1918 1919 1921 1922 1923 1924 1925 1926 1928 1929 1934 1936 1941 1947 1948 1965 1969 1980 1987 1988 1990 1991 1992 1993 1995 1998 1999 2000 2001 2002 2003 2004 2005 2007 2009 2010 2011 2012 2013 2014 2017 2020 2023 2024 2025 2028 2032 2033 2035 2040 2042 2044 2045 2046 2053 2054 2055 2058 2060 2066 2068 2069 2070 2075 2077 2078 2079 2081 2082 2083 2084 2087 2088 2089 2091 2093 2094 2095 2099 2100 2101 2103 2106 2107 2108 2109 2110 2118 2136 2137 2141 2142 2150 2152 2153 2158 2159 2164 2166 2172 2174 2179 2184 2185 2186 2187 2189 2191 2192 2194 2195 2198 2199 2200 2202 2203 2205 2206 2207 2209 2210 2211 2212 2215 2216 2217 2219 2220 2221 2224 2225 2227 2231 2232 2235 2236 2238 2239 2243 2244 2245 2246 2248 2249 2250 2251 2252 2253 2256 2257 2258 2261 2262 2263 2264 2265 2266 2268 2269 2270 2272 2273 2274 2275 2278 2279 2280 2281 2282 2283 2284 2285 2286 2287 2288 2291 2292 2293 2294 2295 2297 2298 2299 2301 2303 2304 2305 2307 2308 2309 2310 2311 2312 2314 2315 2318 2329 2330 2334 2339 2342 2343 2344 2346 2348 2354 2357 2358 2361 2365 2368 2372 2373 2374 2375 2376 2377 2378 2379 2380 2381 2382 2383 2384 2385 2386 2387 2388 2391 2392 2393 2394 2395 2396 2398 2399 2400 2401 2402 2403 2408 2409 2410 2411 2412 2415 2420 2422 2425 2426 2432 2441 2442 2443 2447 2511 2512 2516 2518 2520 2523 2526 2533 2535 2538 2541 2543 2550 2551 2585 2586 2587 2590 2591 2593 2595 2596 2597 2598 2599 2601 2602 2603 2604 2606 2607 2608 2609 2610 2612 2613 2614 2615 2617 2619 2622 2623 2626 2627 2628
7 10 -1 #SUP: 4 #SID: 12 781 2168 2461
4 13 -1 #SUP: 5 #SID: 63 834 887 1032 2366
7 9 -1 #SUP: 282 #SID: 2 3 4 5 10 11 13 19 22 23 25 27 29 30 32 35 37 46 76 79 84 87 96 97 108 109 115 149 162 166 169 171 175 189 194 201 235 236 240 251 255 259 269 270 274 276 279 288 289 295 303 325 335 343 355 356 357 371 374 375 384 387 396 403 409 410 413 414 427 437 438 443 445 449 458 474 480 490 495 502 522 524 533 535 546 550 553 557 559 571 578 594 598 600 607 611 613 615 617 632 635 649 651 653 668 688 690 691 738 749 757 775 780 781 793 818 841 842 845 850 853 873 874 884 888 900 908 940 964 974 1026 1032 1034 1040 1060 1103 1105 1122 1136 1137 1141 1162 1164 1170 1186 1202 1224 1246 1258 1266 1281 1282 1288 1293 1302 1310 1337 1349 1372 1373 1378 1410 1417 1428 1457 1458 1472 1475 1476 1477 1480 1483 1489 1491 1492 1499 1504 1506 1511 1519 1528 1535 1553 1558 1587 1625 1627 1650 1654 1658 1666 1673 1678 1687 1707 1710 1712 1714 1732 1741 1745 1747 1748 1756 1757 1766 1773 1782 1783 1786 1793 1799 1802 1805 1806 1808 1809 1810 1820 1822 1828 1831 1832 1858 1862 1874 1878 1887 1890 1911 1919 1929 1934 1941 1965 1977 1993 1996 2001 2006 2007 2083 2108 2128 2137 2140 2164 2172 2174 2188 2199 2200 2235 2244 2246 2248 2271 2279 2296 2300 2310 2329 2330 2335 2339 2389 2390 2397 2404 2405 2409 2410 2415 2417 2442 2448 2486 2538 2542 2545 2582 2617
4 12 -1 #SUP: 3 #SID: 1032 1536 1952
7 8 -1 #SUP: 602 #SID: 2 3 4 5 10 11 13 16 18 19 22 23 25 27 29 35 44 50 51 53 56 57 58 59 63 65 66 67 68 70 73 76 81 82 83 84 92 96 97 99 100 104 105 108 112 114 115 117 118 119 124 136 138 139 140 142 146 148 149 154 156 162 168 169 170 171 189 201 220 232 235 236 240 246 254 255 259 261 265 269 270 274 276 289 303 313 316 343 355 356 367 373 374 375 409 410 413 434 437 449 458 474 480 490 498 502 522 524 533 535 550 553 559 571 594 598 607 610 613 615 617 627 630 635 648 649 651 652 653 654 661 667 668 671 674 679 681 686 688 689 690 691 697 699 701 704 706 714 724 725 727 735 739 740 741 743 744 749 753 756 757 761 762 763 769 771 775 778 781 782 783 793 796 798 802 808 816 830 837 842 843 850 853 855 858 863 872 873 874 876 877 880 882 884 888 893 894 897 898 901 903 905 908 909 914 916 923 926 928 929 935 938 939 940 942 947 950 951 953 961 963 964 965 969 972 974 976 977 979 983 986 998 1002 1007 1009 1015 1017 1018 1022 1025 1026 1028 1032 1033 1034 1040 1043 1044 1045 1048 1051 1054 1055 1062 1063 1068 1069 1071 1074 1079 1086 1089 1096 1098 1099 1101 1102 1103 1105 1111 1112 1117 1120 1122 1123 1127 1128 1132 1136 1137 1138 1141 1142 1144 1146 1152 1158 1159 1162 1164 1168 1170 1181 1183 1186 1194 1200 1202 1204 1207 1211 1213 1215 1216 1221 1224 1226 1238 1239 1240 1244 1246 1249 1259 1266 1273 1281 1282 1288 1293 1302 1307 1308 1310 1317 1318 1320 1322 1323 1328 1329 1330 1334 1337 1344 1346 1348 1349 1352 1354 1357 1365 1366 1368 1369 1372 1373 1375 1383 1387 1389 1404 1407 1408 1410 1417 1419 1424 1427 1428 1430 1433 1435 1436 1447 1457 1458 1460 1463 1470 1472 1475 1476 1480 1481 1483 1488 1490 1491 1492 1493 1504 1506 1510 1522 1524 1528 1530 1535 1540 1541 1547 1548 1553 1554 1556 1558 1563 1567 1569 1571 1574 1575 1578 1580 1581 1582 1583 1584 1586 1587 1596 1599 1600 1625 1631 1666 1687 1701 1704 1708 1712 1714 1716 1719 1730 1732 1741 1745 1748 1756 1757 1766 1769 1771 1773 1774 1782 1783 1786 1793 1795 1802 1805 1806 1808 1809 1831 1832 1862 1878 1887 1911 1919 1929 1932 1933 1934 1940 1941 1942 1943 1944 1945 1950 1951 1957 1962 1963 1964 1965 1966 1968 1979 1981 1982 1983 1984 1985 1986 1993 2001 2007 2026 2030 2036 2037 2038 2050 2052 2056 2061 2062 2063 2064 2071 2083 2085 2086 2108 2111 2112 2114 2115 2122 2123 2125 2137 2145 2148 2151 2154 2155 2156 2160 2161 2164 2165 2167 2168 2170 2172 2174 2178 2180 2190 2193 2199 2200 2214 2222 2223 2226 2228 2229 2235 2244 2246 2247 2248 2259 2279 2310 2316 2317 2320 2323 2324 2328 2329 2330 2339 2341 2351 2352 2353 2359 2360 2362 2363 2370 2406 2409 2410 2415 2416 2421 2424 2431 2433 2435 2437 2438 2440 2442 2445 2458 2460 2478 2485 2493 2496 2513 2514 2515 2519 2524 2532 2534 2536 2537 2538 2540 2561 2563 2564 2581 2617 2618 2624 2632 2633
6 9 -1 #SUP: 139 #SID: 2 3 4 13 19 23 25 27 28 29 32 35 46 76 79 84 97 109 115 149 158 181 200 236 240 259 269 276 279 320 345 355 375 377 384 392 398 408 410 445 461 474 495 533 553 587 590 618 632 635 651 653 668 682 688 690 691 738 765 775 780 793 850 873 874 883 884 886 888 908 941 945 964 974 1032 1034 1040 1059 1164 1195 1224 1225 1372 1378 1417 1428 1476 1477 1483 1491 1492 1494 1504 1506 1511 1519 1535 1553 1558 1587 1604 1647 1677 1694 1707 1710 1714 1723 1748 1799 1805 1806 1808 1810 1831 1851 1878 1920 1947 1999 2001 2118 2128 2140 2235 2246 2248 2260 2266 2271 2279 2302 2309 2395 2407 2444 2529 2545 2621
5 9 -1 #SUP: 85 #SID: 2 3 6 13 19 25 27 29 30 32 42 76 79 84 97 109 149 236 259 269 279 330 355 408 410 435 437 495 505 522 553 632 651 663 668 688 691 738 793 874 883 884 888 908 941 943 964 982 1032 1034 1040 1059 1137 1141 1164 1224 1372 1417 1476 1477 1483 1492 1504 1511 1514 1526 1558 1587 1604 1650 1694 1707 1723 1748 1808 1946 1947 2140 2174 2246 2248 2277 2279 2346 2592
6 8 -1 #SUP: 274 #SID: 2 3 4 13 16 18 19 23 25 27 29 35 50 57 63 65 76 81 83 84 92 97 99 112 115 118 119 124 136 139 140 145 146 148 149 158 168 220 236 240 246 259 261 269 276 313 316 320 345 355 367 373 375 377 398 410 434 474 533 553 630 635 648 651 652 653 668 674 679 682 688 689 690 691 699 701 724 725 735 739 740 744 756 762 769 771 775 778 782 788 793 798 802 830 837 843 850 869 872 873 874 876 880 884 886 888 893 897 898 901 903 908 919 922 926 928 935 939 942 947 953 954 964 965 973 974 977 986 995 998 1002 1018 1022 1032 1034 1040 1043 1047 1052 1054 1064 1079 1089 1112 1116 1120 1142 1144 1158 1164 1181 1183 1195 1198 1224 1225 1239 1244 1249 1297 1317 1318 1323 1328 1343 1344 1354 1357 1362 1363 1366 1372 1375 1377 1398 1399 1407 1408 1417 1421 1425 1427 1428 1430 1433 1436 1443 1476 1483 1488 1490 1491 1492 1504 1506 1522 1524 1530 1535 1541 1547 1548 1551 1553 1556 1558 1567 1586 1587 1694 1714 1726 1748 1805 1806 1808 1831 1851 1878 1881 1933 1947 1951 1957 1966 1968 1979 1981 1999 2001 2030 2036 2037 2052 2063 2064 2071 2076 2090 2118 2122 2124 2145 2155 2156 2160 2161 2167 2168 2173 2178 2180 2190 2228 2235 2246 2247 2248 2259 2266 2279 2309 2317 2323 2324 2355 2371 2395 2423 2496 2517 2540 2564 2589
4 10 -1 #SUP: 2 #SID: 1536 2168
6 7 -1 #SUP: 456 #SID: 2 3 4 13 14 16 18 19 23 25 27 29 32 33 35 46 50 57 63 65 76 79 81 83 84 88 92 93 95 97 99 109 112 113 115 116 118 119 124 126 136 139 140 146 148 149 168 220 236 240 246 259 261 269 276 279 313 316 334 344 355 367 373 375 384 410 434 445 460 474 495 533 553 560 628 630 632 633 634 635 638 640 643 645 646 648 651 652 653 658 668 674 676 679 688 689 690 691 692 699 701 724 725 730 731 732 733 734 735 736 738 739 740 742 744 747 750 751 752 756 758 759 760 762 767 769 771 772 775 777 778 779 780 782 784 787 789 790 793 798 800 802 804 806 811 812 813 814 817 820 823 824 825 828 829 830 831 832 834 835 836 837 839 840 843 844 847 849 850 851 852 856 862 864 866 867 872 873 874 876 880 884 888 893 897 898 901 903 908 926 928 930 931 935 939 942 947 953 964 965 974 977 986 998 1002 1006 1013 1014 1016 1018 1019 1022 1032 1034 1039 1040 1043 1049 1054 1058 1073 1075 1076 1079 1089 1112 1120 1131 1142 1144 1158 1164 1181 1183 1220 1224 1233 1239 1244 1249 1255 1317 1318 1323 1328 1344 1353 1354 1357 1366 1372 1374 1375 1376 1378 1381 1385 1390 1394 1407 1408 1417 1427 1428 1430 1433 1436 1476 1477 1483 1486 1488 1490 1491 1492 1502 1504 1506 1511 1519 1521 1522 1524 1530 1535 1541 1544 1547 1548 1553 1556 1558 1567 1586 1587 1610 1696 1697 1699 1700 1706 1707 1709 1710 1713 1714 1724 1748 1775 1780 1799 1803 1805 1806 1808 1810 1831 1878 1933 1937 1951 1957 1960 1961 1966 1968 1973 1978 1979 1981 1994 2001 2008 2022 2030 2034 2036 2037 2052 2063 2064 2071 2097 2119 2120 2121 2122 2128 2129 2132 2133 2140 2145 2149 2155 2156 2157 2160 2161 2167 2168 2175 2178 2180 2190 2196 2201 2228 2234 2235 2242 2246 2247 2248 2254 2259 2267 2271 2279 2317 2319 2323 2324 2326 2331 2336 2337 2345 2367 2369 2419 2429 2449 2451 2452 2453 2454 2455 2456 2457 2459 2462 2463 2465 2469 2470 2471 2472 2477 2479 2481 2484 2489 2491 2496 2497 2498 2499 2501 2502 2503 2505 2507 2508 2521 2540 2545 2547 2548 2549 2552 2553 2554 2555 2556 2558 2559 2562 2564 2566 2569 2570 2571 2573 2575 2576 2577 2578 2580 2583 2584 2594 2611 2620 2634 2637
4 9 -1 #SUP: 63 #SID: 19 25 30 32 35 76 84 97 109 129 149 267 330 338 381 410 421 465 495 553 632 651 663 668 688 691 738 765 873 874 883 884 888 940 941 964 982 1003 1032 1040 1059 1114 1141 1164 1195 1224 1258 1372 1464 1511 1535 1553 1587 1604 1707 1723 1748 1772 1799 1930 1941 2077 2164
5 8 -1 #SUP: 158 #SID: 2 3 13 16 18 19 25 27 29 42 50 57 63 76 84 92 97 99 104 118 124 139 140 146 149 236 256 259 269 316 355 410 434 437 498 522 553 630 651 661 663 668 674 688 689 691 699 724 728 735 739 740 744 788 793 843 869 872 874 876 884 888 893 897 908 923 926 928 935 951 964 965 973 977 986 1018 1021 1032 1034 1040 1043 1047 1054 1069 1070 1079 1089 1111 1119 1120 1132 1137 1141 1164 1181 1224 1235 1249 1318 1336 1366 1372 1375 1389 1392 1399 1409 1413 1417 1421 1425 1433 1476 1483 1488 1490 1492 1495 1504 1522 1532 1558 1560 1587 1694 1738 1748 1808 1944 1947 1966 1968 1979 2031 2052 2064 2065 2067 2071 2076 2145 2155 2160 2167 2168 2174 2246 2248 2259 2279 2317 2323 2346 2352 2362 2430 2496 2525
5 7 -1 #SUP: 246 #SID: 2 3 13 16 18 19 25 27 29 30 32 33 50 57 63 76 79 84 92 95 97 99 104 109 113 116 118 124 139 140 146 149 236 259 269 279 316 344 355 410 434 437 460 495 498 522 553 560 630 632 633 634 636 643 645 651 658 661 668 674 676 688 689 691 692 694 699 724 734 735 736 738 739 740 744 747 750 772 779 787 789 793 804 812 814 817 823 824 828 829 831 834 836 843 847 849 851 852 856 862 864 867 871 872 874 876 884 888 893 897 908 923 926 928 935 951 964 965 977 986 1006 1013 1018 1032 1034 1039 1040 1043 1054 1069 1073 1076 1079 1089 1097 1111 1120 1132 1137 1141 1164 1181 1224 1249 1318 1347 1353 1366 1372 1375 1381 1389 1390 1394 1417 1433 1476 1477 1483 1488 1490 1492 1502 1504 1511 1522 1537 1544 1558 1587 1610 1650 1697 1700 1703 1706 1707 1713 1724 1748 1775 1780 1808 1944 1966 1968 1973 1978 1979 2008 2022 2052 2064 2071 2116 2121 2132 2140 2145 2155 2160 2167 2168 2174 2196 2234 2246 2248 2259 2279 2317 2319 2321 2323 2345 2352 2362 2367 2369 2449 2451 2452 2455 2459 2465 2470 2474 2477 2489 2496 2498 2499 2502 2510 2547 2548 2549 2553 2559 2568 2575 2577 2578 2583 2611 2620
3 9 -1 #SUP: 20 #SID: 25 76 109 212 437 470 495 738 746 780 987 1040 1059 1141 1164 1224 1511 1748 1904 2486
2 10 -1 #SUP: 4 #SID: 12 586 984 2168
4 8 -1 #SUP: 118 #SID: 19 25 35 50 57 63 76 80 84 97 99 118 129 139 140 146 149 232 267 338 381 410 421 498 553 630 648 651 661 663 668 673 674 679 688 689 691 699 735 739 740 762 788 843 872 873 874 876 880 884 887 888 893 897 915 923 924 926 935 937 940 944 955 961 964 977 997 1003 1018 1021 1032 1040 1043 1053 1079 1114 1120 1141 1142 1164 1181 1195 1224 1235 1249 1317 1336 1366 1372 1375 1425 1433 1436 1464 1532 1535 1553 1587 1748 1941 1944 2049 2052 2064 2076 2077 2096 2145 2160 2162 2164 2168 2323 2352 2428 2524 2588 2635
2 9 -1 #SUP: 74 #SID: 2 6 15 27 49 55 76 84 97 110 115 174 200 236 279 285 308 315 321 338 349 365 443 488 495 505 550 603 651 668 688 691 709 746 874 883 884 888 933 941 982 987 1026 1032 1059 1141 1224 1417 1464 1476 1477 1487 1535 1549 1558 1587 1677 1688 1694 1796 1806 1808 1826 1837 1941 1980 2174 2204 2208 2246 2248 2255 2486 2592
4 7 -1 #SUP: 155 #SID: 19 25 30 32 35 50 54 57 63 76 84 95 97 99 109 116 118 139 140 146 149 232 410 495 498 553 630 632 633 636 645 648 651 661 668 674 676 679 688 689 691 699 735 738 739 740 747 758 759 762 772 787 789 800 820 821 824 828 829 831 834 836 843 846 849 851 852 872 873 874 876 880 884 888 893 897 911 923 926 935 940 961 964 977 1006 1018 1032 1039 1040 1043 1076 1079 1120 1141 1142 1164 1181 1224 1249 1258 1317 1366 1372 1375 1381 1390 1433 1436 1511 1535 1537 1544 1553 1587 1700 1706 1707 1725 1748 1799 1941 1944 1967 1973 1976 2052 2059 2064 2116 2121 2132 2145 2149 2160 2164 2168 2267 2323 2327 2352 2367 2413 2449 2459 2467 2470 2484 2489 2497 2498 2524 2547 2548 2559 2571
3 8 -1 #SUP: 30 #SID: 25 50 76 437 648 661 706 724 735 739 740 788 977 987 1040 1120 1141 1164 1224 1270 1366 1375 1433 1562 1721 1748 2168 2183 2325 2525
5 6 -1 #SUP: 278 #SID: 1 2 3 13 16 18 19 25 27 29 32 33 50 57 63 76 79 84 92 95 97 99 109 113 116 118 124 135 139 140 146 149 223 236 259 269 279 316 327 344 355 408 410 434 460 495 553 560 601 630 631 632 633 634 643 645 651 658 664 665 668 674 675 676 688 689 691 692 693 699 724 734 735 736 738 739 740 744 745 747 750 764 772 779 787 788 789 793 804 812 814 817 823 824 828 829 831 834 836 843 847 849 851 852 854 856 860 862 864 867 869 872 874 876 878 879 883 884 888 893 897 908 925 926 928 935 941 964 965 973 977 986 988 1006 1013 1018 1031 1032 1034 1039 1040 1041 1043 1047 1054 1059 1073 1076 1079 1089 1120 1164 1181 1206 1224 1249 1318 1353 1366 1371 1372 1375 1381 1390 1394 1399 1417 1421 1425 1433 1476 1477 1483 1485 1488 1490 1492 1502 1504 1511 1522 1544 1558 1587 1604 1610 1694 1697 1700 1706 1707 1713 1723 1724 1727 1748 1775 1780 1808 1947 1966 1968 1973 1975 1978 1979 1997 2008 2018 2022 2039 2052 2064 2071 2076 2098 2104 2121 2127 2130 2131 2132 2140 2145 2155 2160 2167 2168 2196 2197 2213 2218 2233 2234 2246 2248 2259 2276 2279 2289 2317 2319 2322 2323 2345 2367 2369 2449 2451 2452 2455 2459 2464 2465 2470 2477 2487 2489 2496 2498 2499 2500 2502 2509 2539 2547 2548 2549 2553 2559 2575 2577 2578 2583 2600 2611 2620 2629
4 6 -1 #SUP: 161 #SID: 19 25 32 35 50 57 63 76 84 95 97 99 109 116 118 121 137 139 140 146 149 410 495 549 553 601 630 631 632 633 645 648 651 664 665 668 674 675 676 679 688 689 691 693 699 735 738 739 740 745 747 758 759 762 764 765 772 787 788 789 800 820 824 828 829 831 834 836 843 848 849 851 852 872 873 874 876 879 880 883 884 888 893 897 925 926 935 941 956 964 977 1006 1018 1031 1032 1039 1040 1041 1043 1059 1076 1079 1120 1142 1164 1181 1195 1224 1249 1317 1366 1372 1375 1381 1390 1425 1433 1436 1511 1535 1544 1553 1564 1587 1601 1604 1700 1706 1707 1723 1748 1799 1973 1975 2039 2052 2064 2076 2121 2132 2145 2149 2160 2168 2267 2323 2367 2449 2459 2464 2470 2484 2487 2489 2497 2498 2500 2547 2548 2559 2571
3 7 -1 #SUP: 57 #SID: 25 50 76 109 437 495 640 643 645 648 661 706 724 735 738 739 740 747 750 758 772 780 789 800 814 824 828 829 834 836 851 977 1040 1120 1141 1164 1224 1366 1375 1433 1511 1697 1748 1967 1970 1973 2116 2132 2168 2467 2468 2470 2473 2486 2498 2571 2574
2 8 -1 #SUP: 112 #SID: 2 15 27 49 55 63 76 78 80 84 91 97 110 115 118 140 146 232 236 285 308 321 338 349 434 498 550 630 651 668 673 679 680 688 691 699 709 724 726 728 771 788 861 874 880 882 884 888 915 916 923 924 935 937 944 960 984 987 997 1021 1026 1032 1037 1063 1089 1120 1141 1181 1224 1249 1270 1311 1317 1366 1389 1392 1414 1417 1424 1464 1476 1535 1555 1558 1561 1562 1579 1587 1688 1694 1721 1738 1806 1808 1938 1941 1944 1980 2096 2105 2162 2168 2174 2246 2248 2259 2317 2325 2430 2439 2522 2528
1 8 -1 #SUP: 2 #SID: 1439 1509
4 5 -1 #SUP: 176 #SID: 19 25 30 32 50 57 63 76 84 95 97 99 109 116 118 134 139 140 146 149 330 410 495 498 553 561 601 630 631 632 633 636 645 651 661 663 664 665 668 674 675 676 688 689 691 693 699 735 737 738 739 740 745 747 764 772 776 787 788 789 803 805 819 824 828 829 831 834 836 843 849 851 852 872 874 876 879 883 884 888 891 893 897 904 913 923 925 926 935 941 964 977 982 993 1006 1018 1021 1031 1032 1039 1040 1041 1042 1043 1050 1057 1059 1076 1079 1120 1121 1141 1164 1181 1224 1235 1249 1336 1366 1372 1375 1381 1390 1425 1433 1511 1532 1537 1542 1544 1565 1587 1592 1604 1700 1706 1707 1717 1720 1723 1748 1931 1944 1949 1972 1973 1974 1975 2039 2052 2064 2076 2116 2121 2132 2145 2160 2168 2182 2323 2352 2367 2418 2449 2459 2464 2470 2487 2489 2494 2498 2500 2547 2548 2559 2565
2 7 -1 #SUP: 98 #SID: 2 12 27 54 63 76 84 97 115 118 140 146 232 236 279 344 434 443 460 495 498 550 630 645 651 668 679 688 691 699 724 747 752 771 772 821 828 829 836 874 880 882 884 888 911 912 916 923 935 981 1006 1026 1032 1063 1089 1120 1141 1181 1224 1249 1317 1366 1389 1417 1424 1476 1477 1502 1535 1558 1587 1697 1780 1806 1808 1941 1944 1956 1967 1970 1973 2043 2116 2132 2168 2174 2246 2248 2259 2267 2317 2413 2468 2470 2474 2476 2486 2531
3 6 -1 #SUP: 55 #SID: 25 50 76 109 495 549 640 643 645 648 724 729 735 738 739 740 747 750 758 764 772 780 788 789 800 814 824 827 828 829 834 836 851 977 1040 1059 1120 1164 1224 1366 1375 1433 1511 1697 1748 1973 2039 2131 2132 2168 2464 2470 2498 2500 2571
3 5 -1 #SUP: 60 #SID: 25 50 76 109 437 495 643 645 661 724 735 737 738 739 740 747 750 764 772 776 788 789 814 824 828 829 834 836 851 913 977 1040 1059 1120 1121 1141 1164 1224 1366 1375 1433 1511 1697 1717 1728 1748 1972 1973 1974 2039 2116 2131 2132 2168 2464 2470 2498 2500 2525 2572
2 6 -1 #SUP: 85 #SID: 1 2 27 63 76 84 97 115 118 137 140 146 200 236 279 344 434 460 495 496 630 645 651 668 679 688 691 693 699 724 747 752 764 771 772 788 809 828 829 836 874 880 883 884 888 925 935 941 1006 1032 1059 1089 1120 1181 1224 1249 1317 1366 1417 1476 1477 1502 1535 1558 1587 1677 1694 1697 1780 1806 1808 1973 2039 2104 2132 2146 2168 2197 2246 2248 2259 2267 2317 2470 2482
2 5 -1 #SUP: 103 #SID: 1 2 6 27 63 76 84 90 97 118 140 146 236 279 344 434 460 495 498 505 561 630 645 651 668 688 691 693 699 724 728 747 764 772 788 828 829 836 874 883 884 888 891 923 925 935 941 982 1006 1021 1032 1057 1059 1089 1120 1141 1181 1224 1249 1366 1389 1392 1417 1476 1477 1502 1517 1527 1542 1558 1587 1592 1694 1697 1728 1738 1780 1808 1821 1907 1944 1949 1972 1973 2016 2019 2039 2104 2116 2132 2168 2174 2197 2246 2248 2259 2290 2317 2430 2470 2474 2592 2616
3 4 -1 #SUP: 66 #SID: 25 50 76 109 495 549 642 645 648 661 735 737 738 739 740 747 754 758 764 772 776 785 788 789 800 824 826 828 829 834 836 851 913 977 1040 1059 1120 1121 1141 1164 1224 1366 1375 1382 1433 1511 1705 1717 1748 1967 1972 1973 1974 2039 2116 2132 2168 2464 2467 2470 2498 2500 2506 2567 2571 2579
2 4 -1 #SUP: 108 #SID: 54 63 76 80 84 97 118 137 140 146 159 232 338 495 498 561 630 645 651 668 673 679 683 688 691 693 699 710 747 754 764 772 785 788 801 821 826 828 829 836 874 880 883 884 888 891 907 911 915 918 923 924 925 927 935 936 937 941 944 957 980 982 997 1006 1020 1021 1032 1057 1059 1120 1141 1181 1224 1249 1317 1366 1391 1396 1464 1535 1542 1557 1587 1592 1593 1935 1941 1944 1949 1952 1967 1972 1973 2039 2041 2074 2096 2116 2132 2147 2162 2168 2267 2413 2436 2470 2506 2631
2 3 -1 #SUP: 52 #SID: 76 495 645 647 724 746 747 748 754 764 772 785 788 810 826 828 829 836 857 865 987 1059 1120 1141 1224 1270 1366 1380 1562 1697 1698 1711 1721 1728 1967 1970 1972 1973 2039 2116 2126 2132 2168 2325 2468 2470 2475 2483 2486 2492 2495 2506
