27 -1 #SUP: 202 #SID: 67 72 75 87 99 101 103 107 120 144 151 162 167 172 199 233 260 272 275 293 299 304 389 431 442 458 494 523 527 532 554 569 597 624 629 637 639 641 644 658 671 677 687 719 721 746 755 766 768 770 773 774 786 791 792 794 795 797 799 808 815 816 822 828 833 838 850 868 870 876 885 896 899 921 928 962 967 968 975 992 994 997 1010 1026 1035 1052 1061 1077 1078 1080 1093 1134 1145 1182 1183 1201 1261 1267 1268 1307 1351 1357 1360 1376 1379 1384 1415 1418 1422 1438 1440 1469 1472 1538 1573 1585 1591 1630 1632 1636 1664 1672 1681 1702 1715 1718 1722 1729 1746 1793 1801 1811 1816 1830 1852 1891 1912 1927 1929 1932 1953 1955 1958 1959 1969 1971 2007 2021 2029 2047 2048 2051 2057 2070 2072 2080 2083 2089 2092 2102 2114 2134 2135 2138 2139 2144 2148 2163 2176 2230 2237 2240 2241 2313 2314 2332 2333 2334 2338 2347 2349 2350 2356 2364 2414 2427 2430 2434 2466 2478 2480 2488 2490 2504 2527 2530 2544 2546 2557 2560 2582 2625
13 -1 #SUP: 79 #SID: 63 67 72 81 106 107 120 125 151 304 510 554 558 588 628 639 644 677 703 794 797 807 834 838 859 868 870 885 887 934 959 962 978 989 992 1032 1036 1056 1100 1183 1185 1370 1379 1418 1446 1497 1500 1602 1722 1788 1823 1827 1829 1834 1836 1939 1954 1959 1989 2021 2073 2083 2113 2143 2144 2169 2240 2313 2364 2366 2414 2450 2480 2504 2544 2546 2605 2630 2636
12 -1 #SUP: 57 #SID: 69 86 101 103 106 157 207 453 558 569 588 684 703 705 712 833 899 934 959 989 1032 1036 1056 1263 1370 1497 1500 1536 1568 1602 1618 1626 1788 1827 1834 1845 1852 1912 1939 1952 1954 1959 2027 2048 2117 2143 2144 2169 2181 2230 2306 2340 2361 2446 2557 2630 2636
8 27 -1 #SUP: 105 #SID: 67 75 99 107 162 172 260 293 458 523 532 624 629 641 671 687 719 721 766 773 774 797 808 816 850 876 896 928 967 968 975 997 1010 1026 1035 1052 1061 1077 1078 1080 1093 1134 1145 1182 1183 1201 1261 1267 1307 1351 1357 1360 1415 1422 1438 1440 1472 1538 1573 1585 1630 1632 1664 1672 1681 1702 1715 1718 1729 1746 1793 1816 1830 1852 1929 1932 1953 1955 1969 2007 2047 2051 2057 2070 2072 2080 2083 2089 2092 2102 2114 2139 2148 2176 2314 2333 2334 2338 2347 2350 2356 2430 2434 2478 2527
4 9 -1 #SUP: 63 #SID: 19 25 30 32 35 76 84 97 109 129 149 267 330 338 381 410 421 465 495 553 632 651 663 668 688 691 738 765 873 874 883 884 888 940 941 964 982 1003 1032 1040 1059 1114 1141 1164 1195 1224 1258 1372 1464 1511 1535 1553 1587 1604 1707 1723 1748 1772 1799 1930 1941 2077 2164
2 9 -1 #SUP: 74 #SID: 2 6 15 27 49 55 76 84 97 110 115 174 200 236 279 285 308 315 321 338 349 365 443 488 495 505 550 603 651 668 688 691 709 746 874 883 884 888 933 941 982 987 1026 1032 1059 1141 1224 1417 1464 1476 1477 1487 1535 1549 1558 1587 1677 1688 1694 1796 1806 1808 1826 1837 1941 1980 2174 2204 2208 2246 2248 2255 2486 2592
3 4 -1 #SUP: 66 #SID: 25 50 76 109 495 549 642 645 648 661 735 737 738 739 740 747 754 758 764 772 776 785 788 789 800 824 826 828 829 834 836 851 913 977 1040 1059 1120 1121 1141 1164 1224 1366 1375 1382 1433 1511 1705 1717 1748 1967 1972 1973 1974 2039 2116 2132 2168 2464 2467 2470 2498 2500 2506 2567 2571 2579
7 8 9 -1 #SUP: 196 #SID: 2 3 4 5 10 11 13 19 22 23 25 27 29 35 76 84 96 97 108 115 149 162 169 171 189 201 235 236 240 255 259 269 270 274 276 289 303 343 355 356 374 375 409 410 413 437 449 458 474 480 490 502 522 524 533 535 550 553 559 571 594 598 607 613 615 617 635 649 651 653 668 688 690 691 749 757 775 781 793 842 850 853 873 874 884 888 908 940 964 974 1026 1032 1034 1040 1103 1105 1122 1136 1137 1141 1162 1164 1170 1186 1202 1224 1246 1266 1281 1282 1288 1293 1302 1310 1337 1349 1372 1373 1410 1417 1428 1457 1458 1472 1475 1476 1480 1483 1491 1492 1504 1506 1528 1535 1553 1558 1587 1625 1666 1687 1712 1714 1732 1741 1745 1748 1756 1757 1766 1773 1782 1783 1786 1793 1802 1805 1806 1808 1809 1831 1832 1862 1878 1887 1911 1919 1929 1934 1941 1965 1993 2001 2007 2083 2108 2137 2164 2172 2174 2199 2200 2235 2244 2246 2248 2279 2310 2329 2330 2339 2409 2410 2415 2442 2538 2617
6 8 9 -1 #SUP: 90 #SID: 2 3 4 13 19 23 25 27 29 35 76 84 97 115 149 158 236 240 259 269 276 320 345 355 375 377 398 410 474 533 553 635 651 653 668 682 688 690 691 775 793 850 873 874 884 886 888 908 964 974 1032 1034 1040 1164 1195 1224 1225 1372 1417 1428 1476 1483 1491 1492 1504 1506 1535 1553 1558 1587 1694 1714 1748 1805 1806 1808 1831 1851 1878 1947 1999 2001 2118 2235 2246 2248 2266 2279 2309 2395
6 7 9 -1 #SUP: 96 #SID: 2 3 4 13 19 23 25 27 29 32 35 46 76 79 84 97 109 115 149 236 240 259 269 276 279 355 375 384 410 445 474 495 533 553 632 635 651 653 668 688 690 691 738 775 780 793 850 873 874 884 888 908 964 974 1032 1034 1040 1164 1224 1372 1378 1417 1428 1476 1477 1483 1491 1492 1504 1506 1511 1519 1535 1553 1558 1587 1707 1710 1714 1748 1799 1805 1806 1808 1810 1831 1878 2001 2128 2140 2235 2246 2248 2271 2279 2545
5 8 9 -1 #SUP: 55 #SID: 2 3 13 19 25 27 29 42 76 84 97 149 236 259 269 355 410 437 522 553 651 663 668 688 691 793 874 884 888 908 964 1032 1034 1040 1137 1141 1164 1224 1372 1417 1476 1483 1492 1504 1558 1587 1694 1748 1808 1947 2174 2246 2248 2279 2346
5 7 9 -1 #SUP: 63 #SID: 2 3 13 19 25 27 29 30 32 76 79 84 97 109 149 236 259 269 279 355 410 437 495 522 553 632 651 668 688 691 738 793 874 884 888 908 964 1032 1034 1040 1137 1141 1164 1224 1372 1417 1476 1477 1483 1492 1504 1511 1558 1587 1650 1707 1748 1808 2140 2174 2246 2248 2279
6 7 8 -1 #SUP: 222 #SID: 2 3 4 13 16 18 19 23 25 27 29 35 50 57 63 65 76 81 83 84 92 97 99 112 115 118 119 124 136 139 140 146 148 149 168 220 236 240 246 259 261 269 276 313 316 355 367 373 375 410 434 474 533 553 630 635 648 651 652 653 668 674 679 688 689 690 691 699 701 724 725 735 739 740 744 756 762 769 771 775 778 782 793 798 802 830 837 843 850 872 873 874 876 880 884 888 893 897 898 901 903 908 926 928 935 939 942 947 953 964 965 974 977 986 998 1002 1018 1022 1032 1034 1040 1043 1054 1079 1089 1112 1120 1142 1144 1158 1164 1181 1183 1224 1239 1244 1249 1317 1318 1323 1328 1344 1354 1357 1366 1372 1375 1407 1408 1417 1427 1428 1430 1433 1436 1476 1483 1488 1490 1491 1492 1504 1506 1522 1524 1530 1535 1541 1547 1548 1553 1556 1558 1567 1586 1587 1714 1748 1805 1806 1808 1831 1878 1933 1951 1957 1966 1968 1979 1981 2001 2030 2036 2037 2052 2063 2064 2071 2122 2145 2155 2156 2160 2161 2167 2168 2178 2180 2190 2228 2235 2246 2247 2248 2259 2279 2317 2323 2324 2496 2540 2564
5 6 9 -1 #SUP: 64 #SID: 2 3 13 19 25 27 29 32 76 79 84 97 109 149 236 259 269 279 355 408 410 495 553 632 651 668 688 691 738 793 874 883 884 888 908 941 964 1032 1034 1040 1059 1164 1224 1372 1417 1476 1477 1483 1492 1504 1511 1558 1587 1604 1694 1707 1723 1748 1808 1947 2140 2246 2248 2279
5 7 8 -1 #SUP: 126 #SID: 2 3 13 16 18 19 25 27 29 50 57 63 76 84 92 97 99 104 118 124 139 140 146 149 236 259 269 316 355 410 434 437 498 522 553 630 651 661 668 674 688 689 691 699 724 735 739 740 744 793 843 872 874 876 884 888 893 897 908 923 926 928 935 951 964 965 977 986 1018 1032 1034 1040 1043 1054 1069 1079 1089 1111 1120 1132 1137 1141 1164 1181 1224 1249 1318 1366 1372 1375 1389 1417 1433 1476 1483 1488 1490 1492 1504 1522 1558 1587 1748 1808 1944 1966 1968 1979 2052 2064 2071 2145 2155 2160 2167 2168 2174 2246 2248 2259 2279 2317 2323 2352 2362 2496
4 7 8 -1 #SUP: 84 #SID: 19 25 35 50 57 63 76 84 97 99 118 139 140 146 149 232 410 498 553 630 648 651 661 668 674 679 688 689 691 699 735 739 740 762 843 872 873 874 876 880 884 888 893 897 923 926 935 940 961 964 977 1018 1032 1040 1043 1079 1120 1141 1142 1164 1181 1224 1249 1317 1366 1372 1375 1433 1436 1535 1553 1587 1748 1941 1944 2052 2064 2145 2160 2164 2168 2323 2352 2524
5 6 8 -1 #SUP: 119 #SID: 2 3 13 16 18 19 25 27 29 50 57 63 76 84 92 97 99 118 124 139 140 146 149 236 259 269 316 355 410 434 553 630 651 668 674 688 689 691 699 724 735 739 740 744 788 793 843 869 872 874 876 884 888 893 897 908 926 928 935 964 965 973 977 986 1018 1032 1034 1040 1043 1047 1054 1079 1089 1120 1164 1181 1224 1249 1318 1366 1372 1375 1399 1417 1421 1425 1433 1476 1483 1488 1490 1492 1504 1522 1558 1587 1694 1748 1808 1947 1966 1968 1979 2052 2064 2071 2076 2145 2155 2160 2167 2168 2246 2248 2259 2279 2317 2323 2496
4 6 8 -1 #SUP: 76 #SID: 19 25 35 50 57 63 76 84 97 99 118 139 140 146 149 410 553 630 648 651 668 674 679 688 689 691 699 735 739 740 762 788 843 872 873 874 876 880 884 888 893 897 926 935 964 977 1018 1032 1040 1043 1079 1120 1142 1164 1181 1195 1224 1249 1317 1366 1372 1375 1425 1433 1436 1535 1553 1587 1748 2052 2064 2076 2145 2160 2168 2323
5 6 7 -1 #SUP: 215 #SID: 2 3 13 16 18 19 25 27 29 32 33 50 57 63 76 79 84 92 95 97 99 109 113 116 118 124 139 140 146 149 236 259 269 279 316 344 355 410 434 460 495 553 560 630 632 633 634 643 645 651 658 668 674 676 688 689 691 692 699 724 734 735 736 738 739 740 744 747 750 772 779 787 789 793 804 812 814 817 823 824 828 829 831 834 836 843 847 849 851 852 856 862 864 867 872 874 876 884 888 893 897 908 926 928 935 964 965 977 986 1006 1013 1018 1032 1034 1039 1040 1043 1054 1073 1076 1079 1089 1120 1164 1181 1224 1249 1318 1353 1366 1372 1375 1381 1390 1394 1417 1433 1476 1477 1483 1488 1490 1492 1502 1504 1511 1522 1544 1558 1587 1610 1697 1700 1706 1707 1713 1724 1748 1775 1780 1808 1966 1968 1973 1978 1979 2008 2022 2052 2064 2071 2121 2132 2140 2145 2155 2160 2167 2168 2196 2234 2246 2248 2259 2279 2317 2319 2323 2345 2367 2369 2449 2451 2452 2455 2459 2465 2470 2477 2489 2496 2498 2499 2502 2547 2548 2549 2553 2559 2575 2577 2578 2583 2611 2620
2 7 8 -1 #SUP: 60 #SID: 2 27 63 76 84 97 115 118 140 146 232 236 434 498 550 630 651 668 679 688 691 699 724 771 874 880 882 884 888 916 923 935 1026 1032 1063 1089 1120 1141 1181 1224 1249 1317 1366 1389 1417 1424 1476 1535 1558 1587 1806 1808 1941 1944 2168 2174 2246 2248 2259 2317
4 6 7 -1 #SUP: 127 #SID: 19 25 32 35 50 57 63 76 84 95 97 99 109 116 118 139 140 146 149 410 495 553 630 632 633 645 648 651 668 674 676 679 688 689 691 699 735 738 739 740 747 758 759 762 772 787 789 800 820 824 828 829 831 834 836 843 849 851 852 872 873 874 876 880 884 888 893 897 926 935 964 977 1006 1018 1032 1039 1040 1043 1076 1079 1120 1142 1164 1181 1224 1249 1317 1366 1372 1375 1381 1390 1433 1436 1511 1535 1544 1553 1587 1700 1706 1707 1748 1799 1973 2052 2064 2121 2132 2145 2149 2160 2168 2267 2323 2367 2449 2459 2470 2484 2489 2497 2498 2547 2548 2559 2571
4 5 8 -1 #SUP: 75 #SID: 19 25 50 57 63 76 84 97 99 118 139 140 146 149 410 498 553 630 651 661 663 668 674 688 689 691 699 735 739 740 788 843 872 874 876 884 888 893 897 923 926 935 964 977 1018 1021 1032 1040 1043 1079 1120 1141 1164 1181 1224 1235 1249 1336 1366 1372 1375 1425 1433 1532 1587 1748 1944 2052 2064 2076 2145 2160 2168 2323 2352
4 5 7 -1 #SUP: 116 #SID: 19 25 30 32 50 57 63 76 84 95 97 99 109 116 118 139 140 146 149 410 495 498 553 630 632 633 636 645 651 661 668 674 676 688 689 691 699 735 738 739 740 747 772 787 789 824 828 829 831 834 836 843 849 851 852 872 874 876 884 888 893 897 923 926 935 964 977 1006 1018 1032 1039 1040 1043 1076 1079 1120 1141 1164 1181 1224 1249 1366 1372 1375 1381 1390 1433 1511 1537 1544 1587 1700 1706 1707 1748 1944 1973 2052 2064 2116 2121 2132 2145 2160 2168 2323 2352 2367 2449 2459 2470 2489 2498 2547 2548 2559
2 6 7 -1 #SUP: 66 #SID: 2 27 63 76 84 97 115 118 140 146 236 279 344 434 460 495 630 645 651 668 679 688 691 699 724 747 752 771 772 828 829 836 874 880 884 888 935 1006 1032 1089 1120 1181 1224 1249 1317 1366 1417 1476 1477 1502 1535 1558 1587 1697 1780 1806 1808 1973 2132 2168 2246 2248 2259 2267 2317 2470
4 5 6 -1 #SUP: 131 #SID: 19 25 32 50 57 63 76 84 95 97 99 109 116 118 139 140 146 149 410 495 553 601 630 631 632 633 645 651 664 665 668 674 675 676 688 689 691 693 699 735 738 739 740 745 747 764 772 787 788 789 824 828 829 831 834 836 843 849 851 852 872 874 876 879 883 884 888 893 897 925 926 935 941 964 977 1006 1018 1031 1032 1039 1040 1041 1043 1059 1076 1079 1120 1164 1181 1224 1249 1366 1372 1375 1381 1390 1425 1433 1511 1544 1587 1604 1700 1706 1707 1723 1748 1973 1975 2039 2052 2064 2076 2121 2132 2145 2160 2168 2323 2367 2449 2459 2464 2470 2487 2489 2498 2500 2547 2548 2559
2 5 7 -1 #SUP: 65 #SID: 2 27 63 76 84 97 118 140 146 236 279 344 434 460 495 498 630 645 651 668 688 691 699 724 747 772 828 829 836 874 884 888 923 935 1006 1032 1089 1120 1141 1181 1224 1249 1366 1389 1417 1476 1477 1502 1558 1587 1697 1780 1808 1944 1973 2116 2132 2168 2174 2246 2248 2259 2317 2470 2474
2 4 7 -1 #SUP: 53 #SID: 54 63 76 84 97 118 140 146 232 495 498 630 645 651 668 679 688 691 699 747 772 821 828 829 836 874 880 884 888 911 923 935 1006 1032 1120 1141 1181 1224 1249 1317 1366 1535 1587 1941 1944 1967 1973 2116 2132 2168 2267 2413 2470
2 5 6 -1 #SUP: 69 #SID: 1 2 27 63 76 84 97 118 140 146 236 279 344 434 460 495 630 645 651 668 688 691 693 699 724 747 764 772 788 828 829 836 874 883 884 888 925 935 941 1006 1032 1059 1089 1120 1181 1224 1249 1366 1417 1476 1477 1502 1558 1587 1694 1697 1780 1808 1973 2039 2104 2132 2168 2197 2246 2248 2259 2317 2470
2 4 5 -1 #SUP: 58 #SID: 63 76 84 97 118 140 146 495 498 561 630 645 651 668 688 691 693 699 747 764 772 788 828 829 836 874 883 884 888 891 923 925 935 941 982 1006 1021 1032 1057 1059 1120 1141 1181 1224 1249 1366 1542 1587 1592 1944 1949 1972 1973 2039 2116 2132 2168 2470
